10018
60 3 6 10
117 19 6 17
7 15 7 14
19 8 27 3
17 14 19 5
82 10 47 2
129 13 4 23
85 3 19 5
5 11 49 2
84 20 18 5
77 25 21 4
72 29 13 7
3 33 29 3
85 29 13 7
6 13 77 1
16 19 86 1
34 25 43 2
117 1 10 9
104 15 5 15
22 31 42 2
19 4 21 4
25 27 42 2
34 33 27 3
9 29 39 2
34 20 38 2
98 30 12 6
14 22 34 2
81 16 21 3
76 2 8 8
45 14 63 1
54 2 6 11
28 1 18 3
71 2 5 11
40 16 16 3
109 17 4 13
92 12 46 1
22 24 49 1
113 20 3 16
56 15 12 4
123 22 3 14
129 1 4 11
2 31 20 2
109 14 20 2
108 1 4 9
68 15 32 1
93 13 31 1
57 22 25 1
84 2 21 1
53 30 19 1
53 29 19 1
98 25 4 5
67 23 17 1
67 33 5 3
67 31 5 2
57 23 8 1
