10020
62 21 4 15
54 26 8 10
94 26 8 10
38 8 2 28
78 21 6 15
24 11 6 15
102 21 8 10
22 1 8 10
62 11 14 5
18 28 10 8
102 31 14 5
88 26 6 10
56 16 16 5
92 6 8 10
88 16 14 5
72 1 12 5
74 16 12 5
80 6 6 10
122 26 8 10
60 1 8 10
118 21 4 15
98 1 14 5
88 21 12 5
86 1 12 5
50 11 12 5
18 16 6 10
112 1 6 11
40 10 4 16
110 21 6 10
12 11 10 5
122 21 10 5
30 2 16 4
128 4 4 17
4 16 10 5
44 11 4 15
102 11 4 10
84 26 4 10
2 11 10 5
106 16 10 5
4 31 8 5
30 28 6 8
8 21 4 10
42 28 6 8
70 21 2 15
14 24 4 12
50 17 2 19
