10021
18 29 6 7
108 1 2 28
84 21 6 10
76 1 12 5
60 26 14 5
74 16 4 15
120 11 14 5
60 19 14 5
30 2 14 5
124 21 4 15
68 4 8 9
2 27 12 5
78 31 12 5
84 6 12 5
126 1 12 5
100 26 6 10
110 16 12 5
20 5 4 15
78 18 6 10
34 11 12 5
124 6 12 5
42 16 12 5
88 1 12 5
56 31 12 5
24 10 6 10
26 26 10 5
14 21 10 5
96 7 10 5
106 31 10 5
112 21 8 5
68 13 17 3
25 31 11 5
25 25 49 1
57 1 17 3
128 23 4 13
90 20 3 16
9 13 10 5
53 8 12 4
24 24 45 1
54 12 5 9
57 4 11 4
49 27 11 4
89 12 13 3
34 22 20 2
93 17 2 19
2 21 7 5
2 18 12 3
42 26 6 6
30 7 4 8
111 26 10 3
53 1 4 7
98 21 2 15
122 19 1 13
101 19 4 7
115 7 3 9
31 21 29 1
98 15 8 3
106 17 2 14
102 1 6 5
37 26 5 6
65 10 3 8
16 20 26 1
9 32 6 4
78 16 12 2
96 25 2 11
108 29 11 2
20 1 5 4
118 7 5 4
39 8 6 3
42 34 9 2
112 7 2 9
19 2 1 16
78 28 5 3
49 12 5 4
53 31 2 5
110 6 10 1
63 18 10 1
68 16 5 2
80 11 10 1
78 12 9 1
76 9 2 4
105 18 1 8
91 15 7 1
85 18 3 3
99 18 2 3
65 8 3 2
10 25 3 2
60 16 3 2
20 26 6 1
50 26 6 1
