10021
130 11 8 5
88 21 8 7
74 26 6 10
92 31 12 5
58 11 14 5
106 21 4 15
120 8 10 8
42 11 14 5
24 2 14 5
112 21 4 15
122 21 4 15
72 3 12 5
56 16 12 5
84 1 12 5
124 1 12 5
100 21 6 10
30 26 6 10
20 3 4 15
6 31 12 5
126 26 6 10
112 1 12 5
42 18 12 5
80 16 12 5
106 11 12 5
100 16 12 5
18 25 10 5
112 16 10 5
76 21 10 5
58 21 10 5
80 31 8 5
80 28 16 3
57 31 11 5
55 8 48 1
42 27 17 3
9 11 8 7
26 7 4 12
93 11 10 5
94 9 24 2
27 20 15 3
37 11 5 9
30 7 11 4
70 17 10 4
39 33 13 3
18 23 19 2
2 17 2 19
2 11 6 6
41 23 13 3
5 25 6 6
30 11 4 8
117 6 17 2
68 22 5 7
119 21 2 15
4 23 1 13
128 16 4 7
12 22 3 9
79 9 14 2
59 27 8 3
72 10 4 7
93 16 6 5
39 1 5 6
18 30 4 6
13 18 9 3
116 28 3 8
56 9 12 2
36 25 2 11
57 1 11 2
4 19 5 4
80 11 5 4
85 12 6 3
42 26 19 1
98 22 2 9
26 32 4 4
41 30 5 3
88 32 4 4
68 34 6 2
76 15 10 1
61 30 10 1
53 32 4 2
42 17 10 1
9 21 9 1
68 32 5 2
48 31 9 1
61 26 7 1
128 23 3 3
22 33 2 3
54 34 3 2
72 29 2 3
22 31 3 2
55 30 6 1
38 31 1 5
