10020
84 31 10 5
116 31 16 5
102 31 14 5
46 21 4 14
116 6 12 7
8 21 6 15
100 6 8 10
22 26 8 10
62 11 14 5
58 21 16 5
48 11 14 5
50 16 4 20
70 31 14 5
54 26 14 5
82 26 14 5
38 16 12 5
56 31 12 5
34 31 12 5
16 21 14 5
118 21 14 5
32 16 4 15
106 21 12 5
114 26 12 5
70 26 12 5
60 16 12 5
2 11 6 10
102 26 12 5
108 1 4 16
96 26 6 10
98 16 10 5
74 21 10 5
94 21 12 5
94 1 4 17
12 16 10 5
32 1 4 15
54 16 4 10
36 26 8 5
82 6 10 5
20 11 10 5
14 31 8 5
14 26 8 5
128 11 4 10
82 16 8 5
88 21 6 5
78 11 8 5
76 1 2 19
